# oST version 5.0 parameters


[image]

width
410

height
308

[narrow_stereo/left]

camera matrix
346.345284 0.000000 208.436057
0.000000 346.549943 160.941205
0.000000 0.000000 1.000000

distortion
0.266369 -0.614524 0.018634 0.007685 0.000000

rectification
0.995796 -0.010236 -0.091022
0.012489 0.999629 0.024218
0.090740 -0.025253 0.995554

projection
806.173382 0.000000 460.679556 0.000000
0.000000 806.173382 318.581022 0.000000
0.000000 0.000000 1.000000 0.000000

# oST version 5.0 parameters


[image]

width
410

height
308

[narrow_stereo/right]

camera matrix
350.864963 0.000000 213.935528
0.000000 352.195222 143.592376
0.000000 0.000000 1.000000

distortion
0.194839 -0.351645 -0.008718 -0.003934 0.000000

rectification
0.992543 -0.016295 -0.120798
0.013293 0.999584 -0.025613
0.121165 0.023816 0.992347

projection
806.173382 0.000000 460.679556 -98.486481
0.000000 806.173382 318.581022 0.000000
0.000000 0.000000 1.000000 0.000000

