image_width: 640
image_height: 480
camera_name: camera
camera_matrix:
  rows: 3
  cols: 3
  data: [502.7440581945348, 0.0, 311.0525846512331, 0.0, 500.8661832052362, 242.34662752791493, 0.0, 0.0, 1]
distortion_model: plumb_bob
distortion_coefficients:
  rows: 1
  cols: 5
  data: [0.1639958233797625, -0.271840030972792, 0.001055841660100477, -0.00166555973740089, 0]
rectification_matrix:
  rows: 3
  cols: 3
  data: [1, 0, 0, 0, 1, 0, 0, 0, 1]
projection_matrix:
  rows: 3
  cols: 4
  data: [513.9486947408536, 0.0, 309.71340650959206, 0.0, 0.0, 513.7239424542684, 242.7406237983761, 0.0, 0.0, 0.0, 1.0, 0.0]
